seed:15071999
k:10
nbVertices:1000
nbRep:70
theta:0.01
nbAttributes:4
devs:1.0;1.0;1.0;1.0
averageDegree:false
maxEdgesWithin:15
maxEdgesBetween:2
mte:5000
nbTimestamps:15
probaMicro:0.1
probaMerge:0.0
probaSplit:0.0
probaChange:0.0
addBetweenEdges:0.04999999999999999
addWithinEdges:0.05
addVertices:0.05
removeBetweenEdges:0.05
removeWithinEdges:0.04999999999999999
removeVertices:0.0
updateAttributes:0.15000000000000002
